logT   -8.0   -7.5   -7.0   -6.5   -6.0   -5.5   -5.0   -4.5   -4.0   -3.5   -3.0   -2.5   -2.0   -1.5   -1.0   -0.5    0.0    0.5    1.0
3.75 -0.788 -0.920 -1.111 -1.319 -1.532 -1.744 -1.944 -2.112 -2.218 -2.222 -2.114 -1.921 -1.659 -1.332 -0.935 -0.480 -0.005  0.444  0.833
3.80 -0.520 -0.585 -0.661 -0.780 -0.930 -1.093 -1.254 -1.388 -1.464 -1.462 -1.379 -1.223 -1.019 -0.780 -0.509 -0.192  0.189  0.630  1.083
3.85 -0.519 -0.512 -0.505 -0.505 -0.522 -0.566 -0.625 -0.678 -0.703 -0.682 -0.609 -0.489 -0.330 -0.142  0.073  0.317  0.599  0.934  1.320
3.90 -0.537 -0.510 -0.485 -0.443 -0.376 -0.283 -0.181 -0.087 -0.007  0.067  0.148  0.245  0.364  0.510  0.683  0.884  1.116  1.385  1.692
3.95 -0.544 -0.519 -0.495 -0.448 -0.359 -0.212 -0.003  0.249  0.490  0.681  0.822  0.935  1.041  1.158  1.295  1.458  1.650  1.874  2.129
4.00 -0.526 -0.513 -0.500 -0.463 -0.381 -0.225  0.022  0.350  0.713  1.047  1.306  1.492  1.631  1.750  1.869  2.004  2.162  2.347  2.557
4.05 -0.490 -0.482 -0.474 -0.452 -0.389 -0.250 -0.008  0.338  0.752  1.177  1.559  1.861  2.078  2.238  2.368  2.493  2.625  2.775  2.946
4.10 -0.476 -0.463 -0.450 -0.425 -0.370 -0.254 -0.041  0.285  0.700  1.159  1.615  2.022  2.346  2.584  2.757  2.896  3.022  3.150  3.288
4.15 -0.459 -0.442 -0.426 -0.401 -0.348 -0.236 -0.039  0.256  0.640  1.089  1.570  2.045  2.465  2.794  3.036  3.214  3.353  3.475  3.593
4.20 -0.473 -0.442 -0.413 -0.375 -0.318 -0.214 -0.030  0.249  0.611  1.033  1.501  1.998  2.477  2.891  3.219  3.455  3.627  3.761  3.873
4.25 -0.481 -0.450 -0.421 -0.378 -0.308 -0.193 -0.015  0.242  0.586  1.000  1.456  1.944  2.438  2.912  3.317  3.624  3.848  4.012  4.138
4.30 -0.478 -0.448 -0.420 -0.381 -0.319 -0.207 -0.020  0.243  0.578  0.985  1.446  1.934  2.422  2.915  3.364  3.741  4.024  4.230  4.389
4.35 -0.461 -0.434 -0.409 -0.368 -0.308 -0.208 -0.037  0.224  0.573  0.989  1.447  1.934  2.437  2.931  3.399  3.825  4.167  4.422  4.620
4.40 -0.449 -0.419 -0.391 -0.342 -0.276 -0.179 -0.024  0.217  0.558  0.987  1.463  1.962  2.462  2.967  3.453  3.903  4.292  4.596  4.826
4.45 -0.447 -0.415 -0.385 -0.327 -0.237 -0.123  0.031  0.257  0.579  0.998  1.482  1.997  2.509  3.024  3.519  3.992  4.411  4.752  5.015
4.50 -0.442 -0.410 -0.380 -0.321 -0.218 -0.069  0.118  0.353  0.663  1.061  1.532  2.040  2.560  3.083  3.592  4.084  4.525  4.891  5.173
4.55 -0.442 -0.412 -0.384 -0.331 -0.235 -0.070  0.162  0.444  0.776  1.168  1.620  2.107  2.618  3.138  3.659  4.166  4.622  5.002  5.289
4.60 -0.457 -0.425 -0.395 -0.339 -0.248 -0.091  0.153  0.478  0.861  1.281  1.731  2.201  2.685  3.187  3.706  4.217  4.679  5.065  5.347
4.65 -0.455 -0.432 -0.410 -0.365 -0.279 -0.123  0.120  0.453  0.868  1.331  1.806  2.277  2.745  3.222  3.722  4.222  4.681  5.065  5.347
4.70 -0.457 -0.436 -0.416 -0.380 -0.312 -0.173  0.067  0.407  0.822  1.295  1.797  2.294  2.766  3.227  3.702  4.180  4.628  5.010  5.293
4.75 -0.464 -0.444 -0.425 -0.388 -0.326 -0.212 -0.002  0.326  0.748  1.221  1.723  2.236  2.730  3.194  3.650  4.107  4.544  4.923  5.213
4.80 -0.461 -0.445 -0.430 -0.401 -0.343 -0.235 -0.048  0.245  0.649  1.127  1.634  2.147  2.653  3.131  3.581  4.026  4.454  4.830  5.125
4.85 -0.454 -0.440 -0.426 -0.401 -0.354 -0.258 -0.079  0.200  0.573  1.030  1.541  2.062  2.570  3.055  3.513  3.956  4.381  4.751  5.045
4.90 -0.441 -0.428 -0.415 -0.391 -0.349 -0.266 -0.104  0.165  0.532  0.967  1.456  1.978  2.495  2.988  3.454  3.905  4.327  4.690  4.973
4.95 -0.415 -0.401 -0.387 -0.365 -0.327 -0.253 -0.111  0.137  0.495  0.931  1.409  1.916  2.436  2.938  3.412  3.871  4.291  4.641  4.900
5.00 -0.355 -0.346 -0.337 -0.314 -0.275 -0.207 -0.080  0.147  0.491  0.923  1.399  1.897  2.404  2.905  3.388  3.850  4.262  4.590  4.817
5.05 -0.224 -0.224 -0.224 -0.214 -0.183 -0.115  0.005  0.208  0.522  0.937  1.407  1.900  2.399  2.891  3.371  3.826  4.222  4.521  4.717
5.10 -0.068 -0.061 -0.054 -0.041 -0.019  0.033  0.145  0.338  0.621  0.999  1.445  1.923  2.410  2.887  3.346  3.779  4.149  4.421  4.594
5.15  0.031  0.076  0.117  0.153  0.198  0.266  0.372  0.540  0.786  1.114  1.517  1.966  2.429  2.880  3.301  3.693  4.034  4.289  4.461
5.20  0.012  0.126  0.216  0.305  0.393  0.497  0.635  0.810  1.026  1.299  1.641  2.039  2.462  2.868  3.231  3.571  3.884  4.136  4.317
5.25 -0.129  0.057  0.187  0.335  0.492  0.655  0.837  1.044  1.274  1.520  1.804  2.139  2.507  2.858  3.149  3.429  3.718  3.974  4.165
5.30 -0.306 -0.091  0.052  0.231  0.447  0.688  0.937  1.185  1.442  1.707  1.974  2.257  2.562  2.850  3.074  3.290  3.553  3.811  4.012
5.35 -0.413 -0.239 -0.115  0.052  0.274  0.558  0.881  1.201  1.502  1.794  2.081  2.349  2.608  2.842  3.011  3.173  3.403  3.653  3.875
5.40 -0.485 -0.355 -0.255 -0.114  0.081  0.349  0.697  1.087  1.461  1.799  2.105  2.384  2.622  2.822  2.959  3.079  3.275  3.507  3.657
5.45 -0.495 -0.425 -0.365 -0.253 -0.085  0.150  0.475  0.884  1.318  1.719  2.067  2.358  2.595  2.778  2.903  3.005  3.165  3.383  3.527
5.50 -0.482 -0.454 -0.428 -0.365 -0.235 -0.023  0.279  0.678  1.140  1.594  1.988  2.302  2.538  2.713  2.834  2.936  3.074  3.273  3.409
5.55 -0.474 -0.463 -0.452 -0.423 -0.350 -0.187  0.094  0.489  0.965  1.453  1.888  2.227  2.469  2.634  2.752  2.856  2.991  3.094  3.177
5.60 -0.473 -0.467 -0.461 -0.446 -0.409 -0.311 -0.089  0.295  0.795  1.319  1.785  2.146  2.391  2.547  2.656  2.764  2.900  3.003  3.087
5.65 -0.472 -0.469 -0.466 -0.455 -0.433 -0.377 -0.231  0.095  0.609  1.182  1.685  2.061  2.305  2.450  2.551  2.660  2.798  2.903  2.987
5.70 -0.473 -0.470 -0.467 -0.460 -0.443 -0.405 -0.310 -0.072  0.401  1.017  1.572  1.967  2.205  2.339  2.434  2.545  2.633  2.707  2.769
5.75 -0.472 -0.470 -0.468 -0.463 -0.450 -0.419 -0.347 -0.177  0.204  0.812  1.426  1.851  2.087  2.210  2.306  2.421  2.512  2.587  2.651
5.80 -0.470 -0.468 -0.466 -0.462 -0.453 -0.428 -0.368 -0.233  0.065  0.600  1.234  1.705  1.952  2.072  2.168  2.292  2.388  2.467  2.534
5.85 -0.467 -0.464 -0.461 -0.458 -0.451 -0.432 -0.381 -0.265 -0.022  0.431  1.025  1.526  1.805  1.934  2.033  2.167  2.269  2.352  2.421
5.90 -0.466 -0.461 -0.456 -0.450 -0.443 -0.428 -0.387 -0.286 -0.076  0.307  0.839  1.332  1.649  1.808  1.915  2.058  2.165  2.251  2.323
5.95 -0.464 -0.457 -0.450 -0.441 -0.429 -0.411 -0.376 -0.292 -0.109  0.221  0.686  1.149  1.490  1.695  1.826  1.985  2.101  2.193  2.268
6.00 -0.461 -0.453 -0.445 -0.433 -0.415 -0.390 -0.351 -0.275 -0.117  0.168  0.570  0.991  1.343  1.596  1.769  1.952  2.080  2.179  2.260
6.10 -0.468 -0.454 -0.440 -0.419 -0.390 -0.352 -0.295 -0.204 -0.050  0.182  0.474  0.805  1.148  1.471  1.737  1.969  2.119  2.231  2.320
6.20 -0.473 -0.466 -0.459 -0.440 -0.405 -0.347 -0.261 -0.140  0.033  0.265  0.530  0.808  1.124  1.476  1.787  2.033  2.189  2.304  2.394
6.30 -0.473 -0.470 -0.467 -0.460 -0.444 -0.402 -0.314 -0.156  0.080  0.358  0.636  0.916  1.226  1.567  1.846  2.025  2.151  2.249  2.329
6.40 -0.472 -0.471 -0.470 -0.466 -0.456 -0.434 -0.382 -0.254 -0.000  0.363  0.724  1.038  1.351  1.637  1.818  1.904  1.976  2.037  2.091
6.50 -0.473 -0.472 -0.471 -0.469 -0.463 -0.447 -0.409 -0.323 -0.123  0.235  0.667  1.052  1.355  1.561  1.658  1.731  1.793  1.848  1.897
6.60 -0.473 -0.473 -0.473 -0.471 -0.468 -0.458 -0.430 -0.362 -0.211  0.079  0.482  0.873  1.164  1.330  1.416  1.506  1.581  1.644  1.700
6.70 -0.474 -0.474 -0.474 -0.473 -0.471 -0.465 -0.447 -0.398 -0.286 -0.064  0.260  0.602  0.873  1.043  1.156  1.302  1.411  1.498  1.571
6.80 -0.476 -0.475 -0.474 -0.473 -0.472 -0.468 -0.456 -0.425 -0.347 -0.190  0.054  0.339  0.596  0.787  0.946  1.147  1.284  1.388  1.472
6.90 -0.477 -0.476 -0.475 -0.473 -0.471 -0.467 -0.459 -0.437 -0.384 -0.273 -0.090  0.150  0.397  0.616  0.823  1.082  1.243  1.360  1.453
7.00 -0.478 -0.477 -0.476 -0.474 -0.470 -0.463 -0.452 -0.432 -0.390 -0.303 -0.152  0.061  0.305  0.546  0.792  1.072  1.241  1.362  1.457
7.10 -0.479 -0.479 -0.479 -0.477 -0.472 -0.462 -0.444 -0.413 -0.364 -0.279 -0.139  0.068  0.313  0.555  0.800  1.055  1.215  1.331  1.423
7.20 -0.483 -0.482 -0.481 -0.480 -0.477 -0.468 -0.446 -0.402 -0.330 -0.227 -0.076  0.136  0.365  0.571  0.766  0.958  1.091  1.192  1.274
7.30 -0.484 -0.484 -0.484 -0.484 -0.481 -0.475 -0.458 -0.415 -0.330 -0.199 -0.023  0.187  0.376  0.517  0.648  0.783  0.886  0.969  1.039
7.40 -0.488 -0.488 -0.488 -0.487 -0.486 -0.482 -0.471 -0.439 -0.366 -0.233 -0.052  0.141  0.285  0.386  0.474  0.602  0.701  0.781  0.849
7.50 -0.492 -0.492 -0.492 -0.492 -0.491 -0.488 -0.481 -0.460 -0.408 -0.305 -0.153  0.007  0.135  0.221  0.303  0.456  0.569  0.658  0.733
7.60 -0.497 -0.497 -0.497 -0.497 -0.497 -0.495 -0.490 -0.477 -0.443 -0.371 -0.261 -0.137 -0.016  0.064  0.158  0.293  0.396  0.479  0.549
7.70 -0.504 -0.504 -0.504 -0.504 -0.503 -0.502 -0.499 -0.491 -0.468 -0.421 -0.346 -0.249 -0.149 -0.059 -0.017  0.227  0.382  0.496  0.587
7.80 -0.512 -0.512 -0.512 -0.512 -0.512 -0.511 -0.509 -0.503 -0.488 -0.458 -0.406 -0.336 -0.251 -0.196 -0.122  0.197  0.379  0.507  0.605
7.90 -0.522 -0.522 -0.522 -0.522 -0.522 -0.521 -0.520 -0.516 -0.506 -0.486 -0.451 -0.405 -0.336 -0.323 -0.184  0.162  0.352  0.484  0.585
8.00 -0.534 -0.534 -0.534 -0.534 -0.534 -0.534 -0.533 -0.530 -0.524 -0.511 -0.490 -0.458 -0.430 -0.443 -0.239  0.148  0.349  0.486  0.590
